0.99136 0 -2.4529402552519956e-09 -0.0084134571463805 3.0486519763704996
0.991409499999996 0 -3.2336609688836935e-09 -0.008693500805337663 3.0511705638393516
0.9914594999999918 0 -4.206834409812806e-09 -0.00897523989867404 3.053790457265504
0.9915094999999877 0 -5.393588312197549e-09 -0.009255881253187794 3.05648650850717
0.9915594999999836 0 -6.807536490721196e-09 -0.009535465460861531 3.0592587033338083
0.9916094999999795 0 -8.506434044932318e-09 -0.009814032298962676 3.0621071033867433
0.9916594999999754 0 -1.0534468511218897e-08 -0.010091620845947863 3.0650318498533067
0.9917094999999713 0 -1.2941831446863053e-08 -0.010368269502761936 3.068033166125103
0.9917594999999672 0 -1.5783863403569626e-08 -0.010644016037072077 3.0711113618024086
0.991809499999963 0 -1.9123245827675535e-08 -0.010918897622513203 3.0742668377674267
0.9918594999999589 0 -2.3029864095390714e-08 -0.011192950879194549 3.0775000921849758
