1.01103 0 1.6590627813409713e-10 -0.006897265827221137 3.0818453079832944
1.011080000000007 0 2.1083400646959983e-10 -0.007303051688160272 3.085404847748851
1.011130000000014 0 3.6940616477785154e-10 -0.007714442714080259 3.089277591316224
1.011180000000021 0 7.814744421016155e-10 -0.008131619948734271 3.0934861013451536
1.011230000000028 0 1.7367005999980096e-09 -0.008554760906414768 3.098055147499686
1.011280000000035 0 4.056275956017413e-09 -0.008984037273323187 3.103011937456515
1.011330000000042 0 7.017067269493063e-09 -0.009419604373442067 3.1083862287801742
1.011380000000049 0 1.0717616759486861e-08 -0.00986160229441157 3.114210635958949
1.011430000000056 0 1.4050507529576137e-08 -0.010310142663576247 3.120520735450739
1.011480000000063 0 9.087172001025604e-09 -0.010765281208943689 3.127354856484663
1.01153000000007 0 -5.979631822315331e-08 -0.011226869027048784 3.1347512787919594
